6.782297839209151802e-02 1.010231602673828250e-01 2.002733082021875555e-01 2.334559701929253828e-01 3.974245729454126685e-01
5.476451100598754104e-06 5.476451100598754104e-06 9.036692133606215316e-02 6.051533345951924936e-01 3.044687811665441890e-01
8.363021812253362955e-07 1.338083489960538073e-05 1.027405613092181869e-01 2.807474840566121510e-01 6.164977274970888654e-01
5.240623058442833120e-07 1.886624301039419881e-05 1.506029322039083851e-01 1.866977241785968133e-01 6.626799433121784988e-01
6.314566253407222892e-07 1.506409269957483255e-01 1.807235212265484448e-01 1.264498231390498717e-01 5.421850871820280693e-01
6.120306689607839627e-07 2.928321996867983001e-02 1.461994409865870204e-01 6.426383349255249122e-02 7.602528835215116576e-01
2.887006794936511316e-07 2.770689346295913610e-02 2.770111944936927070e-02 4.333426153741472275e-02 9.012574268495773255e-01
4.176167322885316692e-07 3.984105467011238993e-02 7.968169172349250096e-02 9.960201025018254606e-02 7.808748157394802547e-01
4.738303356375335879e-07 1.933872217149210926e-01 5.524909206543224954e-02 5.524909206543224954e-02 6.961141103238788208e-01
5.625562388365370325e-07 5.625562388365370325e-07 5.681874380946713710e-02 5.681874380946713710e-02 8.863613772685879910e-01
