1.821169346318306584e-02 1.821173775977402709e-02 9.240087858872521043e-01 1.821171118208904025e-02 2.135606170770162210e-02
2.564142544436481872e-16 5.469623982731043587e-08 9.939758937345771761e-01 1.094194028954360339e-07 6.023932149779903829e-03
6.214560121823401328e-17 9.943296194917442125e-16 9.937888099996142754e-01 6.961776119411501864e-08 6.211110382623476027e-03
1.620927885623003989e-17 3.594594842553008241e-08 9.961685724519604435e-01 5.774571914992100098e-12 3.831381596316488398e-03
2.202018199079202923e-18 9.558434999398350660e-12 9.965034865733043423e-01 4.409563549551651622e-13 3.496503416696286615e-03
3.821657767491223176e-17 1.744476096454898079e-07 9.957627019489729836e-01 4.012778948685534066e-12 4.237113599404503279e-03
2.236546515897033315e-18 1.406037233986550415e-08 9.920634822215923521e-01 3.357078751267956459e-13 7.936493717699607403e-03
2.075261033595281678e-13 1.461710022907082916e-08 9.944751282319463925e-01 2.915017163828933721e-12 5.524847147830744439e-03
2.306976695452494509e-19 9.415602593159240137e-14 9.909909811703595528e-01 3.421597224885852847e-11 9.009008795330323074e-03
3.385951925613302320e-19 3.385951925613302320e-19 9.913793005164983629e-01 3.447170073002627599e-11 8.620689449030084772e-03
