1.118302189925187151e-01 1.671519174090391746e-01 1.947031463451636413e-01 1.947616104903026890e-01 3.315530967629757297e-01
7.281994631849925126e-02 7.281994631849925126e-02 1.213636351558071702e-01 4.876478327263440993e-01 2.453486294808501778e-01
5.848024561814767208e-02 8.773072194603810658e-02 8.772001140933129160e-02 2.397025302447656769e-01 5.263664807817173275e-01
4.975167609373274541e-02 9.951806764843140751e-02 1.492541626658473175e-01 1.541881702155322442e-01 5.472879133764562143e-01
7.281604209965029939e-02 1.942057948142226764e-01 1.941752641929201384e-01 1.018964594215375913e-01 4.369064294716692443e-01
4.854419688218362949e-02 7.285160444213560627e-02 1.941752633941074835e-01 5.334522100542374995e-02 6.310837042761495708e-01
3.694606914116935203e-02 4.926647399099470109e-02 7.389188158050299937e-02 3.853120299250906849e-02 8.013643622948238843e-01
3.558756128881022940e-02 7.117474954630442774e-02 1.067619378037986261e-01 8.896834367505153385e-02 6.975073976860352021e-01
6.787369056094787190e-02 2.036338779660777087e-01 1.131225588887871808e-01 4.524925639702822439e-02 5.701206061871589847e-01
4.854416946788092657e-02 9.708785830518887328e-02 4.854416946788092657e-02 4.854416946788092657e-02 7.572796232911683800e-01
