8.268054543803220469e-01 4.351856586061773891e-02 4.631297745857749365e-02 4.168149522453717948e-02 4.168149707594549780e-02
9.935897337175376709e-01 1.831063216642451986e-03 4.579190423807571846e-03 4.798894416637932881e-14 2.641964185036719969e-09
9.913793005164981409e-01 6.918259765650179062e-03 1.702423644274747051e-03 6.807544191472546034e-14 6.073508783186425030e-09
9.913793005164981409e-01 4.816920259885630953e-03 3.803767216497124046e-03 3.025084521710240632e-18 2.007119027073080974e-09
9.933774735757204821e-01 2.394889028732426900e-03 4.227625684875589013e-03 2.157388205075323947e-19 1.710671622127571636e-09
9.900990000980297578e-01 5.060885511902036378e-04 9.394898670336864627e-03 2.538526832717853767e-18 2.680443329400292450e-09
9.923664023658294031e-01 3.087260689070753564e-04 7.324858014245333275e-03 1.502054662111568192e-19 3.551018094224727348e-09
9.895833235405815387e-01 1.109533075646404292e-04 1.030570804351988931e-02 2.695256632459338535e-18 5.108333873051850146e-09
9.929077915597808168e-01 3.346357035230337852e-04 6.757558991682630425e-03 1.422346067783495985e-17 3.745013627398094610e-09
9.909909811703595528e-01 7.272028894355298846e-03 1.736974065444108102e-03 2.347183532600907195e-17 5.869841024932333301e-09
