1.338109271586977733e-01 2.223650303167620523e-01 2.001826079138469272e-01 1.559816437980397763e-01 2.876597808126534206e-01
9.398837910459596767e-02 1.503793559864151919e-01 1.315823636924754458e-01 3.776520809794245426e-01 2.463978102370888157e-01
6.944500903154121607e-02 1.620460798773873667e-01 1.157413048670178912e-01 1.897645031081275635e-01 4.630030931159260232e-01
7.968162069776725531e-02 1.593750254897740304e-01 1.593628948045274496e-01 1.234733952709754223e-01 4.781070537369557782e-01
9.398535553661524489e-02 2.631819301970663161e-01 1.879703170063138917e-01 7.891229564137934582e-02 3.759500916186251929e-01
7.662875271268458632e-02 1.532851734325067772e-01 1.915712803032953992e-01 4.210389090806467005e-02 5.364108926434486557e-01
7.675461375375622342e-02 6.579427267655509060e-02 8.771952592504932145e-02 3.430629038358866401e-02 7.354252872610507197e-01
7.331408965552181634e-02 8.797684610756471846e-02 1.466278719157362853e-01 7.331408965552181634e-02 6.187670926656553272e-01
1.223779210297710612e-01 2.447660376955052564e-01 1.573429556463782353e-01 3.496533448825314694e-02 4.405477411400922638e-01
1.171878855901168220e-01 1.367191353955672650e-01 9.765663578466637906e-02 3.906288636831507094e-02 6.093734468613344335e-01
