5.546907871156309816e-02 5.554658943724113951e-02 6.376193356687503977e-02 5.546834053148530508e-02 7.697540477528354019e-01
4.527543840382800614e-07 5.304424554274275695e-05 6.157683000459008432e-03 1.745718771623204130e-24 9.937888099996142754e-01
7.564146197633112132e-07 8.817159064185903694e-05 8.920080824378831194e-03 9.080115901888630377e-24 9.909909811703595528e-01
8.010383413869286692e-07 8.044190794351297358e-05 9.352719130076797213e-03 2.297753313710032683e-28 9.905660279236382371e-01
4.165294377676455857e-07 9.040174031694598819e-05 1.089819250068364137e-02 8.913959701857325595e-30 9.890109792295616042e-01
5.618101630834073163e-07 6.242634577518714381e-05 7.873519622469390966e-03 1.103335333546998259e-28 9.920634822215923521e-01
7.799235633723535322e-07 1.076457750419131386e-04 1.030824076081311887e-02 1.051983311784236248e-29 9.895833235405815387e-01
3.889116619915442290e-07 3.016997276250198398e-05 7.061639555794812714e-03 1.084999333738435248e-28 9.929077915597805948e-01
3.598031118886673048e-07 9.924041817160322854e-01 7.595448480855802528e-03 4.405689125424254327e-28 1.160010646249060103e-19
7.490284885762563652e-07 9.917926155146826739e-01 8.206625456828670756e-03 1.426920381531253395e-27 3.568445193351820375e-19
