1.181299591316753578e-01 2.549003777418499816e-01 2.353174579643779740e-01 1.377025449147429859e-01 2.539496502473537753e-01
8.038877441056763162e-02 1.929289662148294116e-01 1.929289662148294116e-01 3.230078891960787568e-01 2.107453939636949047e-01
5.747173161185122059e-02 2.107354523141861113e-01 1.915713471342305185e-01 1.570464853296106023e-01 3.831749736101215942e-01
6.872882060147783578e-02 2.061963271422732058e-01 2.061858639051704911e-01 1.065011072606361076e-01 4.123878710904423373e-01
8.038618833634617045e-02 2.894096245423855573e-01 2.411578909138629434e-01 6.749411781508912744e-02 3.215521683923160956e-01
8.038618780722911472e-02 2.090271061621919446e-01 2.250807201269942048e-01 3.533477661394594099e-02 4.501711992896388903e-01
7.905158858050555237e-02 9.881855363802245773e-02 1.284587027119167835e-01 3.091634074087457398e-02 6.627548043286806134e-01
6.476711029131469732e-02 1.295339490235625501e-01 1.943007877558104168e-01 6.476711029131469732e-02 5.466310326379977269e-01
1.041669208759893328e-01 2.827472813431379239e-01 2.083335865040895629e-01 2.976215971306062080e-02 3.749900415637226203e-01
9.966810202955053710e-02 1.993358751225627057e-01 1.495019885760566214e-01 3.322291996754239002e-02 5.182711043042876886e-01
