4.012321026132061041e-02 4.019196336019965898e-02 8.394383878445409453e-01 4.012321026131233231e-02 4.012321827262631951e-02
1.768476023704290264e-15 5.708675243281316068e-05 9.999428993657881737e-01 6.818844611088551534e-33 3.881777283820495881e-09
4.424021443052001264e-15 6.261004106092764646e-05 9.999373741629528078e-01 5.310662486656126192e-32 5.795981775101933285e-09
7.770220650598613838e-15 8.720467092344877001e-05 9.999127757203943867e-01 2.228863379655254561e-36 9.608674402060644866e-09
2.163181532703956337e-15 5.297213124648870731e-05 9.999470127324749935e-01 4.629327788611539480e-38 5.136276315491245809e-09
1.478642444135917039e-05 6.378845927107912751e-05 9.999214107504925675e-01 4.855471541310187024e-37 4.365795111096965457e-09
1.874793717311636852e-05 4.748981491810530552e-05 9.999337473398014486e-01 5.217597046764161969e-38 4.908107351698552837e-09
2.894129588964204360e-15 8.755056318288536416e-05 9.999124320479799710e-01 8.074143777789636205e-37 7.388834276532293903e-09
2.173577095982691366e-15 7.201493108108289844e-05 9.999279750689167301e-01 2.661484756142207205e-36 7.007645260620247425e-28
6.581411648028330802e-15 9.081819781449798732e-05 9.999091718021788644e-01 1.253777468153367256e-35 3.135449067567126694e-27
