6.361037103828381944e-02 1.568602304405787295e-01 1.878339722882355900e-01 2.189555993725884053e-01 3.727398168603135442e-01
5.165289106228872105e-06 5.682334654233454907e-02 8.523243716894871036e-02 5.707696224003301344e-01 2.871694185992804127e-01
7.826930670407885384e-07 6.411508655472024365e-02 9.615462789153841894e-02 2.627508504620859608e-01 5.769786423985883150e-01
4.942860384650753398e-07 5.683597555061304513e-02 1.420459474191092253e-01 1.760898989405738357e-01 6.250276738036654178e-01
5.955784079897791567e-07 1.988999646691864409e-01 1.704551393380929203e-01 1.192651740966501894e-01 5.113791163176625298e-01
5.626733569451638777e-07 8.068511029654983069e-02 1.612908836497704002e-01 5.908126627513252127e-02 6.989421671051903040e-01
2.771833651518427542e-07 5.319730968187009329e-02 3.989389380676658381e-02 4.160550110369527765e-02 8.653030082243029497e-01
4.016160912040667280e-07 7.662875334316507359e-02 7.662875334316507359e-02 9.578584127493354472e-02 7.509562404226450827e-01
4.375678099491374351e-07 2.296075868916475360e-01 7.653104905130640734e-02 5.102084522347424822e-02 6.428400712657618143e-01
5.323112797576777616e-07 5.376397263675090910e-02 5.376397263675090910e-02 5.376397263675090910e-02 8.387075397784674591e-01
