4.147282350161812792e-02 8.265967830235010361e-01 4.895874981104753748e-02 4.147282364805536525e-02 4.149881001577792466e-02
2.210467688806985159e-18 9.913793009880175200e-01 8.568757619659531782e-03 9.432707052644371597e-10 5.193044905224039186e-05
5.357379362253050036e-19 9.913793005164981409e-01 8.567144828856875990e-03 6.001531077925770693e-10 5.354405449179148508e-05
1.339609809543542360e-19 9.917355276517628715e-01 8.232798037790105619e-03 4.772373436135223434e-14 3.166431039933319686e-05
2.293768934675415074e-20 9.895833235406813477e-01 1.038024454908408403e-02 4.593295318661819715e-15 3.642191023016117115e-05
2.710395552869280509e-19 6.737588597956397640e-01 3.262110797535706652e-01 2.845942488540666528e-14 3.005045076123313746e-05
1.848385531997030244e-20 7.024793319924393931e-01 2.974550671510372557e-01 2.774445221466622607e-15 6.559085652058330054e-05
1.584168712214571092e-15 9.160305253723466379e-01 8.392729022233945402e-02 2.225203919771971110e-14 4.217440529010699646e-05
1.636153668472583415e-21 7.092198511141297734e-01 2.907162452068625114e-01 2.426664674406061555e-13 6.389367876510051514e-05
3.352427615929728332e-21 7.425742500735221796e-01 2.573403865661000878e-01 3.413039642447752721e-13 8.535336003640321852e-05
