8.127991855032054569e-02 1.210674380998035538e-01 4.159737926145683912e-02 2.797765992031344684e-01 4.762786548852845914e-01
6.020469421886312546e-06 6.020469421886312546e-06 6.020469421886312546e-06 6.652679042609476179e-01 3.347140243307866747e-01
9.320619729760053100e-07 1.491299156761608496e-05 9.320619729760053100e-07 3.128941425388309105e-01 6.870890703456555837e-01
6.169811544048240583e-07 2.221132155857367076e-05 6.169811544048240583e-07 2.198001575459439805e-01 7.801763871701885567e-01
7.707485279996530840e-07 1.838705432472538259e-01 7.707485279996530840e-07 1.543431664805971215e-01 6.617847387750930288e-01
7.168304410502881928e-07 3.429746996366023204e-02 7.168304410502881928e-07 7.526791457079806680e-02 8.904331718046596400e-01
2.969257700777501676e-07 2.849626364711152146e-02 2.969257700777501676e-07 4.456885588324518976e-02 9.269342766181031257e-01
4.537740251289307582e-07 4.329049663304201240e-02 4.537740251289307582e-07 1.082255609215673348e-01 8.484830248973403988e-01
5.015397119922260811e-07 2.046964159679170170e-01 5.015397119922260811e-07 5.848003312207922938e-02 7.368225378305798268e-01
5.964451688889723730e-07 5.964451688889723730e-07 5.964451688889723730e-07 6.024155970180990194e-02 9.397566409626834094e-01
