2.642744592068402981e-02 2.643967177991089768e-02 2.642744590580583391e-02 2.643233633878149663e-02 8.942730900548178097e-01
4.256476666072912266e-14 9.079575901582328374e-06 4.256476666072912266e-14 1.816362106118439579e-05 9.999727468029520061e-01
1.000544189556863696e-14 1.600870703290981914e-13 1.000544189556863696e-14 1.120845966364093482e-05 9.999887815401562463e-01
4.230621823620165299e-15 9.381892632522817821e-06 4.230621823620165299e-15 1.507163284826825238e-09 9.999906066001957861e-01
6.297772112124038351e-16 2.733712437069468429e-09 6.297772112124038351e-16 1.261135187739028589e-10 9.999999871401727969e-01
9.019112421088244166e-15 4.116963628628747811e-05 9.019112421088244166e-15 9.470158413198166918e-10 9.999588194166797450e-01
2.818048637987093266e-16 1.771606932398519110e-06 2.818048637987093266e-16 4.229919268561109749e-11 9.999982183507677425e-01
3.756222508162159046e-11 2.645695167772600640e-06 3.756222508162159046e-11 5.276181119000679274e-10 9.999973437020895917e-01
2.560744157329012885e-17 1.045131898197838459e-11 2.560744157329012885e-17 3.797972957260866488e-09 9.999999861915755961e-01
3.927704272649877531e-17 3.927704272649877531e-17 3.927704272649877531e-17 3.998717324325503276e-09 9.999999860012825925e-01
