2.437659277657499568e-01 2.437732519699097322e-01 2.409973785393034751e-01 2.576145332613102301e-01 1.384889846372662318e-02
9.469696695201306402e-06 9.469696695201306402e-06 9.469696695201306402e-06 9.943276416322258671e-01 5.643939277688462229e-03
1.419768819357369147e-06 2.271630110971790636e-05 1.419768819357369147e-06 4.766178217933032535e-01 5.233566123679482818e-01
9.559817887304420803e-07 3.441534439429591320e-05 9.559817887304420803e-07 3.405694748921516135e-01 6.593941877998766854e-01
1.108052842066685645e-07 4.809792703448982909e-01 1.108052842066685645e-07 2.218886939897914828e-02 4.968316286455541353e-01
1.036210340559761037e-06 7.357093417974300395e-05 1.036210340559761037e-06 1.088031240363551422e-01 8.911212226087840138e-01
1.145285113250262622e-06 2.405098737825552395e-05 1.145285113250262622e-06 1.719084441350819115e-01 8.280652043073133406e-01
1.218858137353881857e-06 5.814075316722334269e-02 1.218858137353881857e-06 2.325593560944813065e-01 7.092974430220205795e-01
8.090876486202467500e-07 3.302178031298964034e-01 8.090876486202467500e-07 8.090876486202467500e-07 6.697797596071577431e-01
1.031353104582484352e-06 1.031353104582484352e-06 1.031353104582484352e-06 1.031353104582484352e-06 9.999958645875817176e-01
