1.368383237008867492e-01 2.273959133558305090e-01 2.047116261926456848e-01 1.595106402642184895e-01 2.715434864864185727e-01
9.960521450947687483e-02 1.593661700895470934e-01 1.394458515628569928e-01 4.002209304412455149e-01 2.013618233968735849e-01
7.281612597498356154e-02 1.699123944349239801e-01 1.213598148122915082e-01 1.989763721914935002e-01 4.369352825863074274e-01
8.298791201316450816e-02 1.659880970871345229e-01 1.659754630539523323e-01 1.285967726683239498e-01 4.564517451774246504e-01
9.765665848740764932e-02 2.734624743457908513e-01 1.953129075146598226e-01 8.199480718999113682e-02 3.515731424621505452e-01
7.968169106789325939e-02 1.593921524539654855e-01 1.992036022280335439e-01 4.378133676104244837e-02 5.179412074890652473e-01
7.847556921912565708e-02 6.726948058413424747e-02 8.968633143910796635e-02 3.507548971956081507e-02 7.294931190380712360e-01
7.668743733916157101e-02 9.202486049914125610e-02 1.533745531390599548e-01 7.668743733916157101e-02 6.012257016834756662e-01
1.291516066958754982e-01 2.029634204077360726e-01 1.660519753319235070e-01 3.690068510575554572e-02 4.649323024587093678e-01
1.219516207769005961e-01 1.016264177272938884e-01 1.016264177272938884e-01 4.065080857847372386e-02 6.341447251900379500e-01
