4.768621267441420369e-02 5.473968878087500517e-02 8.023360119713693894e-01 4.761903828667071042e-02 4.761903828667072430e-02
7.289345655457009116e-05 8.540123617252376106e-03 9.913869729261930441e-01 2.810607250244859052e-22 1.547340501513620882e-17
8.396202362578362804e-05 9.787046658235102475e-03 9.901289813181390898e-01 1.007892875097765402e-21 8.992150557149980087e-17
8.491006502810469854e-05 8.526842326476378672e-03 9.913882376084955927e-01 2.435618536659044376e-26 1.616013130388994937e-17
3.790417921173224776e-05 8.226558450203652270e-03 9.917355273705846797e-01 8.111703408915803821e-28 6.432064844010428113e-18
7.078808125077202086e-05 7.865719645706512747e-03 9.920634822730426405e-01 1.390202534060909652e-26 1.467921891118775863e-17
7.487266282467333232e-05 1.033399450628714848e-02 9.895911228308881258e-01 1.009903989306708439e-27 2.387521193414121489e-17
5.483654488528407720e-05 4.253966201750742498e-03 9.956911872533640295e-01 1.529849075761184520e-26 2.899530887059535757e-17
4.713420812515947412e-05 4.949094925681539470e-03 9.950037608661933541e-01 5.771452811579733040e-26 1.519613961666407570e-17
9.063244801656123676e-05 6.907667427763530474e-03 9.930016901242199046e-01 1.726573678775861559e-25 4.317818726777045468e-17
