1.125414256884945258e-01 1.126867829724334247e-01 5.759637128685220903e-02 3.873829835238572494e-01 3.297924265283626033e-01
8.576329082362187675e-06 8.576329082362187675e-06 8.576329082362187675e-06 9.005231471297702184e-01 9.945111388298268074e-02
1.271876233992237818e-06 2.035001974387580509e-05 1.271876233992237818e-06 4.269701320179958293e-01 5.730069642097922467e-01
8.613301264705317037e-07 3.100788455293915192e-05 8.613301264705317037e-07 3.068497248994910831e-01 6.931175345557030187e-01
1.091893748032961078e-06 2.604832696082567400e-01 1.091893748032961078e-06 2.186528191875448668e-01 5.208617174167023967e-01
9.428580576180390785e-07 6.694292209088076621e-05 9.428580576180390785e-07 9.900104078895359538e-02 9.009301205728402762e-01
1.031890547570692402e-06 2.166970149898454743e-05 1.031890547570692402e-06 1.548878061002202655e-01 8.450884504171856104e-01
1.037839602085382953e-06 4.950598784450355866e-02 1.037839602085382953e-06 2.475257878641095033e-01 7.029661386121827116e-01
6.806610377179514901e-07 2.778022788194037251e-01 6.806610377179514901e-07 7.936575923876511285e-02 6.428305906197557817e-01
8.535336037770714015e-07 8.535336037770714015e-07 8.535336037770714015e-07 8.620774923069057794e-02 9.137896801684980419e-01
