5.762380083411351023e-02 5.762388131987271345e-02 5.759337721654136932e-02 5.777598331058159814e-02 7.693829473188908974e-01
9.375937229150429650e-08 9.375937229150429650e-08 9.375937229150429650e-08 9.844828037498988202e-03 9.901548806843841755e-01
1.339404533295869411e-08 2.143047253273391058e-07 1.339404533295869411e-08 4.496394500680084977e-03 9.955033544065039486e-01
9.018696030762369136e-09 3.246730571074453154e-07 9.018696030762369136e-09 3.212919542628170540e-03 9.967867277469225629e-01
1.097082010986005246e-09 4.762170946363637226e-03 1.097082010986005246e-09 2.196917740523502327e-04 9.950181250854200909e-01
1.204895732928077972e-08 8.554759703789350919e-07 1.204895732928077972e-08 1.265152592569481621e-03 9.987339578335454604e-01
1.193005314496575350e-08 2.505311160442809559e-07 1.193005314496575350e-08 1.790712942019840248e-03 9.982090026667579385e-01
6.388961308444876053e-04 6.463251537373376418e-04 6.388961308444876053e-04 8.974259898712973887e-03 9.891016126858607205e-01
7.347994120373004769e-11 2.998980988003985273e-05 7.347994120373004769e-11 1.089819257398890601e-02 9.890718074691712269e-01
1.131365822918653809e-10 1.131365822918653809e-10 1.131365822918653809e-10 1.151820962631286416e-02 9.884817800342773353e-01
