1.504540773036424361e-01 2.002711291112800607e-01 1.753296989466710532e-01 1.753823457639353545e-01 2.985627388744711008e-01
1.082290426059088206e-01 1.298740640354172637e-01 1.082290426059088206e-01 4.348720932515114379e-01 2.187957475012537734e-01
8.064581694045648563e-02 1.344191040496742207e-01 8.064581694045648563e-02 2.203716810304388318e-01 4.839175710389740370e-01
9.049813029523867680e-02 1.357607760076793846e-01 1.357469986230779857e-01 1.402344896524092555e-01 4.977595954215947582e-01
1.106199317385221231e-01 2.212672284601791550e-01 1.769916124936713187e-01 9.287907363162199725e-02 3.982421436760054112e-01
8.658053877969780487e-02 1.299022959551967282e-01 1.731606244977315356e-01 4.757192868856951334e-02 5.627846020788044301e-01
8.215986824358426088e-02 4.695349399136318491e-02 7.042277915880171268e-02 3.672222632615163712e-02 7.637416222800992305e-01
8.305682582269223457e-02 8.305682582269223457e-02 9.966812133819426267e-02 8.305682582269223457e-02 6.511613911937289556e-01
1.452285701856557143e-01 1.867348009557435462e-01 1.037347946652617953e-01 4.149413138467090284e-02 5.228076928086681230e-01
1.298705571913278678e-01 8.658051433231096772e-02 6.493549290280252462e-02 4.329047147329408152e-02 6.753229541002645497e-01
