8.022909746690750632e-01 5.515007696645763541e-02 4.751986030393523519e-02 4.751953903020172260e-02 4.751953903033015458e-02
8.962979595591293869e-01 9.362078963370889378e-03 9.433995147730937780e-02 3.455922743395578218e-18 1.902609918369836860e-13
7.292941516424304993e-01 1.028895533408420021e-02 2.604168830227042153e-01 8.754557686305581543e-18 7.810582128470580896e-13
8.963106641871224634e-01 9.349380821048079368e-03 9.433994499165886116e-02 2.571038978213892735e-22 1.705863494221377748e-13
9.906636475633696648e-01 9.335926985833277458e-03 4.154506290450361427e-07 2.120074845082366183e-23 1.681084501035494331e-13
9.900421240063720374e-01 9.957146408673536037e-03 7.195847490891796625e-07 1.944337302694855813e-22 2.053035597631533700e-13
9.056597474742260623e-01 2.510784505435047700e-08 9.434021741764013480e-02 1.221579889672793075e-23 2.887945692782605272e-13
9.023902005391086778e-01 3.269205142917299377e-03 9.434058431749696438e-02 2.517519689029827205e-22 4.771468122429354687e-13
9.999993794457386898e-01 2.880816949834998483e-08 5.817457694381748909e-07 1.224471452825658905e-21 3.224013045107983534e-13
7.872334590470371207e-01 4.646366845623669834e-07 2.127660663159031962e-01 1.499701927055882278e-21 3.750457420280256143e-13
