1.059752337046457604e-01 2.107565285417389578e-01 1.845092643370297159e-01 1.845646675321613583e-01 3.141942958844241574e-01
6.787741602516479678e-02 1.357507185169237740e-01 1.131262843530040918e-01 4.545495635352755914e-01 2.286960075696317374e-01
5.524929282138642955e-02 1.381323389683786762e-01 8.287360193893472671e-02 2.264592965288535764e-01 4.972854597424466450e-01
4.739377675268579421e-02 1.421949360083482605e-01 1.421805056671306688e-01 1.468806739964403085e-01 5.213500975753948552e-01
6.944492903932522609e-02 2.315110816301061414e-01 1.851856686280169417e-01 9.717903074439616928e-02 4.166792799581555684e-01
4.524934189003112367e-02 1.357802278991367406e-01 1.809959468735490573e-01 4.972450464742571991e-02 5.882499686898573499e-01
6.009640377775542913e-02 4.808218375079809093e-02 7.211563442708282534e-02 3.760497215132072718e-02 7.821007958930430437e-01
5.154675145125520858e-02 8.591101227717837241e-02 1.030931426901399578e-01 8.591101227717837241e-02 6.735380713042480316e-01
1.082254784171991363e-01 1.948185585732252478e-01 1.082254784171991363e-01 4.329041412867381394e-02 5.454400604637027472e-01
9.259305005011092549e-02 9.259305005011092549e-02 4.629675421463423646e-02 4.629675421463423646e-02 7.222203814705095981e-01
