4.284415732750521122e-02 8.459082163520920128e-01 3.710524211298897590e-02 3.707118709690025021e-02 3.707118711051355514e-02
7.584654380591504194e-03 9.923803799474972820e-01 3.495565174324599417e-05 3.663278144286502110e-16 2.016766533449431320e-11
1.223925050277898351e-02 9.877397218465908679e-01 2.101757564766279610e-05 8.404375462021655982e-16 7.498158917532288449e-11
8.931344961189358056e-03 9.910343768479464854e-01 3.426817278200120165e-05 2.725301343902635843e-20 1.808215321786227333e-11
1.034768191401481963e-02 9.896082703010505854e-01 4.403776711499698439e-05 2.247279358048093744e-21 1.781949588749011079e-11
4.404484515174623971e-02 9.558860646919484783e-01 6.908013659616676016e-05 1.866563829058265977e-20 1.970914193230110692e-11
9.999341832107028205e-01 2.661431602124387759e-06 6.314532708300178905e-05 1.294874695879749394e-21 3.061222464672991073e-11
6.533622046552314266e-01 3.465357485818991168e-01 1.020367122919126507e-04 2.668570896805573784e-20 5.057756259875531603e-11
9.999261129336453058e-01 3.485788543870151219e-06 7.039123880011407977e-05 1.481610472612704386e-19 3.901055823268816348e-11
9.999188277590957963e-01 6.551377317378510835e-05 1.564841484892659352e-05 2.114579738144621427e-19 5.288145015101566258e-11
