1.013987102726888884e-01 1.510346257512368562e-01 5.189376026778738660e-02 3.490282326761134368e-01 3.466446610321733957e-01
7.836990368301711751e-06 7.836990368301711751e-06 7.836990368301711751e-06 8.659952891845721368e-01 1.339811898443229732e-01
1.208912063986388088e-06 1.934259302378220940e-05 1.208912063986388088e-06 4.058329967674874084e-01 5.941452328153608020e-01
7.837328177725020339e-07 2.821438143981007407e-05 7.837328177725020339e-07 2.792056055366861078e-01 7.207646026162385366e-01
9.888849038691904252e-07 2.359093762466689115e-01 9.888849038691904252e-07 1.980251947339436991e-01 5.660634412495796353e-01
8.649359040894475057e-07 4.138372408896905108e-02 8.649359040894475057e-07 9.081913659084323021e-02 8.677953994483794675e-01
9.389274351685614793e-07 9.010980667344394013e-02 9.389274351685614793e-07 1.409339496935379243e-01 7.689543557781477467e-01
9.443405388260240854e-07 9.009103353784422841e-02 9.443405388260240854e-07 2.252261673338023518e-01 6.846809004472756977e-01
6.306124319997161789e-07 2.573756406694162058e-01 6.306124319997161789e-07 7.353004164725034097e-02 6.690930464584694537e-01
7.857928415671657769e-07 7.857928415671657769e-07 7.857928415671657769e-07 7.936586437056894483e-02 9.206317682509063127e-01
