5.007548268077851444e-02 2.976002335021746270e-01 5.007518145684514144e-02 1.490868894477593021e-01 4.531622029124423578e-01
1.030322762244107817e-09 2.197802186368920108e-01 1.030322762244107817e-09 4.396686201355575196e-01 3.405511491669049873e-01
1.557447116346010579e-10 2.491915386153616927e-09 1.557447116346010579e-10 1.744708865837258926e-01 8.255291006128693265e-01
8.508203718326632203e-11 1.886792464769797284e-01 8.508203718326632203e-11 3.031056142266114732e-05 8.112904327914336466e-01
1.142793750134858838e-11 4.960594686706236743e-05 1.142793750134858838e-11 2.288455957065802592e-06 9.999480955743199617e-01
1.255099709379823702e-10 5.729166699083868552e-01 1.255099709379823702e-10 1.317867270885148688e-05 4.270701411678844983e-01
1.387215468261911374e-10 8.720930175494422398e-01 1.387215468261911374e-10 2.082224330605736071e-05 1.278861499298084847e-01
6.325704203156272872e-06 4.455509493029978785e-01 6.325704203156272872e-06 8.885405752335562637e-05 5.543475352310724968e-01
8.544179125287771561e-13 3.487187160887086649e-07 8.544179125287771561e-13 1.267231682124908651e-04 9.998729181113625852e-01
1.488639225991920582e-12 1.488639225991920582e-12 1.488639225991920582e-12 1.515553883242937497e-04 9.998484346072097351e-01
