1.433235523126105415e-01 2.381729708613569141e-01 1.670202345412217515e-01 1.670703862486629387e-01 2.844128460361478594e-01
1.037382109623237597e-01 1.659788742429146591e-01 1.037382109623237597e-01 4.168276080536045258e-01 2.097170857788332732e-01
7.653123444328449598e-02 1.785813941514337866e-01 7.653123444328449598e-02 2.091282279160672775e-01 4.592278990459299770e-01
8.658046231692019534e-02 1.731737289959795478e-01 1.298705051759370954e-01 1.341637325243364987e-01 4.762115609868265986e-01
1.016264413529108512e-01 2.845788350920064880e-01 1.626020505017309881e-01 8.532792943362221827e-02 3.658647336197294875e-01
8.298798530321271905e-02 1.660059347137405605e-01 1.659755363440005849e-01 4.559798973875443806e-02 5.394325439002917166e-01
8.027546759575240887e-02 6.881235857921859378e-02 6.880757780191140704e-02 3.587997342874351542e-02 7.462246125943741148e-01
8.038618833634618432e-02 9.646335859409783942e-02 1.125405288518495084e-01 8.038618833634618432e-02 6.302237258813603304e-01
1.367190836510075724e-01 2.148558083227164184e-01 1.171878338455571156e-01 3.906283462375537835e-02 4.921744295569634997e-01
1.271190623354628013e-01 1.059326218684633891e-01 6.355974093446452311e-02 4.237330046746509704e-02 6.610152643941441530e-01
