5.473859355842972813e-02 8.024070682494248707e-01 4.761811141797091945e-02 4.761810838708668142e-02 4.761810838708789573e-02
8.455641044157606243e-03 9.906543494224179236e-01 8.899995334227347359e-04 3.260304442606020266e-20 1.794914999550216064e-15
8.480164470166168256e-03 9.884917222687918947e-01 3.028103261032748673e-03 1.017971813927671607e-19 9.082072152642985463e-15
9.849567640906720101e-03 9.891137196771285778e-01 1.036702681962927775e-03 2.825317530534104402e-24 1.874575249835385092e-15
4.586405730104617384e-03 9.954135823465121158e-01 1.923382522730387635e-09 9.815161222128562680e-26 7.782798538437395760e-16
8.919298326082375494e-03 9.910806851911702076e-01 6.482745423046481838e-09 1.751655210294277612e-24 1.849581601158680947e-15
7.187775702297670086e-03 9.920634824208609537e-01 7.487318768390896018e-04 9.695078393285278477e-26 2.292020368359008045e-15
7.457770178427970166e-03 5.785394091809554773e-01 4.140028106406125619e-01 2.080594763688173325e-24 3.943362045544635754e-15
6.410252368652867745e-03 6.730769165739675097e-01 3.205128210573774949e-01 7.849175901663050050e-24 2.066675008381102411e-15
9.153877340305132532e-03 6.976744171117840176e-01 2.931716955479065079e-01 1.743839432829357053e-23 4.360996957223003148e-15
