1.254824462148647901e-01 2.707655464816275392e-01 1.877231094954556756e-01 1.462732427313689354e-01 2.697556450766830927e-01
8.741576518096783044e-02 2.097933863390929188e-01 1.223807997975749906e-01 3.512428445463735560e-01 2.291671941359905984e-01
6.355983877438156626e-02 2.330591231111262818e-01 1.059327197083804323e-01 1.736827655559098904e-01 4.237655428502018484e-01
7.380105828443089822e-02 2.214137682603456725e-01 1.476017955565268602e-01 1.143609675753642224e-01 4.428224003233323103e-01
8.741295305130744597e-02 3.147076686466255269e-01 1.748255395928253464e-01 7.339395328864237178e-02 3.496598754205992310e-01
8.591101171169586437e-02 2.233932302975441264e-01 1.718216637765037635e-01 3.776328359780574406e-02 4.811108006164504514e-01
8.316029900577318057e-02 1.039546530995649337e-01 8.316029900577318057e-02 3.252321915779335382e-02 6.972015197310953427e-01
6.925236723682083595e-02 1.385044441085452605e-01 1.385044441085452605e-01 6.925236723682083595e-02 5.844863673092677292e-01
1.125404675704699264e-01 3.054761624807768583e-01 1.446948080859732921e-01 3.215461628171154690e-02 4.051339355810683607e-01
1.067619171208742113e-01 2.135234818933568202e-01 8.896832299212707740e-02 3.558754060588577989e-02 5.551587273877560680e-01
