5.273347028947279747e-02 8.410565176539347432e-01 6.512039394861456098e-04 5.273347019454224099e-02 5.282532792256413451e-02
3.097662664601503997e-11 9.999315754593649519e-01 4.212974054683147266e-07 1.194388845783984041e-28 6.799321225289967497e-05
6.747075236625255171e-11 9.548657551597452553e-01 4.504584025297861394e-02 8.099291519046798110e-28 8.839451980536408376e-05
8.909335174476933352e-11 9.998887766168047531e-01 1.040231225116189509e-06 2.555614801741346530e-32 1.101730628766377516e-04
4.083221542197216802e-11 9.999019692600275011e-01 1.068345484254274457e-06 8.738319307267205710e-34 9.695235365603235909e-05
1.881720411706123697e-01 8.117719487743918494e-01 4.409453106094570619e-07 6.179073205950614097e-33 5.555910968509182092e-05
2.830188651794345311e-01 7.169062602245429572e-01 7.718059715812288435e-07 7.876484658036122502e-34 7.409279005097411323e-05
3.305385469021229215e-11 9.999150019156712865e-01 6.001733312820327686e-07 9.221479791250678857e-33 8.438787794362965112e-05
3.018229215331011131e-11 9.999993528212286487e-01 6.371485890748514294e-07 3.695737805663053647e-32 9.730816401852790675e-24
7.246792509184586412e-11 9.999991959428866650e-01 7.939846453540450894e-07 1.380534397528559579e-31 3.452443036682308758e-23
