1.309145867438819832e-01 2.391969558517599570e-01 1.958496510324072848e-01 1.526054177416590329e-01 2.814333786302918305e-01
9.058300304995824115e-02 1.811627122923705757e-01 1.268148867469231500e-01 3.639690345666307669e-01 2.374703533441172298e-01
6.637222102116005495e-02 1.991236865216214069e-01 1.106200081912595140e-01 1.813678436781928360e-01 4.425162305877661240e-01
7.662868503873200565e-02 1.915828785373769050e-01 1.532570367658058486e-01 1.187426138427874617e-01 4.597887758152977566e-01
9.058008903154203539e-02 2.898782367126326309e-01 1.811597982739543422e-01 7.605315449484896517e-02 3.623287114870220593e-01
7.380112346118965216e-02 1.845292626058918917e-01 1.845022293693336091e-01 4.055024179700864040e-02 5.166171327665761703e-01
7.510751903797505125e-02 8.584160566675881621e-02 8.583713266481472759e-02 3.357010389465465983e-02 7.196436287357967920e-01
7.122536915245600286e-02 1.139604114613658181e-01 1.424504396673057227e-01 7.122536915245600286e-02 6.011384005664165420e-01
1.162793535363904895e-01 2.824022811670793276e-01 1.495019445673946012e-01 3.322287595888031436e-02 4.185935347702553488e-01
1.107014712583212074e-01 1.845022085304171278e-01 9.225128694029720300e-02 3.690073398622523149e-02 5.756442892847392079e-01
