6.241319788618523989e-02 7.414264937814326606e-01 6.251557880931371547e-02 6.241318877285102762e-02 7.123153075021741720e-02
3.593288726560865531e-09 9.920639032076637998e-01 4.887049951881653305e-05 1.385491074844893225e-26 7.887212699528557691e-03
7.489253586871859380e-09 9.900998730840669948e-01 8.831763105011090388e-05 8.990213675234153123e-26 9.811791795629385554e-03
9.889362141672086754e-09 9.876553043430085221e-01 1.154656671321513948e-04 2.836732458044658160e-30 1.222921010049716345e-02
4.124053798451404583e-09 9.900998951647567159e-01 1.079028949780272059e-04 8.825702587723070514e-32 9.792187816211623402e-03
5.852189140873204246e-09 9.895839738150102871e-01 8.201582858910785553e-05 1.149307627738099838e-30 1.033399450421143388e-02
6.189869489166797772e-09 9.920643365531317537e-01 8.181143379800654238e-05 8.349073820221378725e-32 7.853835823200686420e-03
3.503708631869050979e-09 9.909912529719131502e-01 6.361837374607747560e-05 9.774768675551258463e-31 8.945115150632015552e-03
2.746588613115283302e-09 9.999420067312321247e-01 5.798052217924520759e-05 3.363121436415019399e-30 8.855043013263387658e-22
5.507562361331229448e-09 9.999396416587952308e-01 6.034283364239591762e-05 1.049206152475713199e-29 2.623856733771877639e-21
