1.229319899908817432e-01 2.652621817155170758e-01 2.042328021893085876e-01 1.433002093423990930e-01 2.642728067618934640e-01
8.446252987070022866e-02 2.027057719355057630e-01 1.520300967648748336e-01 3.393765322302168541e-01 2.214250591987023953e-01
6.097610549076507708e-02 2.235851750167928975e-01 1.422769176891919840e-01 1.666224905330249140e-01 4.065393012702251396e-01
7.117468610339683366e-02 2.135342747276686159e-01 1.779362508758794426e-01 1.102911822522527063e-01 4.270635960408023513e-01
8.445981274542026240e-02 3.040756528136100978e-01 2.027030548102257967e-01 7.091442783961797447e-02 3.378470417911259016e-01
8.305682527599653198e-02 2.159715282940569137e-01 1.993358938845107842e-01 3.650868945830207379e-02 4.651270530871336462e-01
8.146660656162924008e-02 1.018374503887363725e-01 1.018332051363821378e-01 3.186083180222398781e-02 6.830018961110282394e-01
6.738572661044110734e-02 1.347711706823382927e-01 1.617253483110971668e-01 6.738572661044110734e-02 5.687320177856822756e-01
1.090345340011871916e-01 2.959597711259390751e-01 1.713398293302310083e-01 3.115291483988247637e-02 3.925129407027602713e-01
1.030931227179689297e-01 2.061859051957384281e-01 1.202752531309305151e-01 3.436460106612259507e-02 5.360811078892395720e-01
