5.552454308041081255e-02 6.418743362511257489e-02 7.692379177101686949e-01 5.552454307936761924e-02 5.552555250494028982e-02
2.670398822320618753e-13 8.620099702984915929e-03 9.913793041483723867e-01 1.029645546502638207e-30 5.861483756795607950e-07
6.680272445368841902e-13 9.454116294115137015e-03 9.905449985119600953e-01 8.019100434510688150e-30 8.751932567343645383e-07
9.790478116882010926e-13 1.098778864536038326e-02 9.890109906606738832e-01 2.808367886226412927e-34 1.210692986670484258e-06
3.374563224547486015e-13 8.263652556559043447e-03 9.917355361839902406e-01 7.221751421988583908e-36 8.012591131778628119e-07
1.863089498094285933e-03 8.037345947891542594e-03 9.900990044638247056e-01 6.117894202744230115e-35 5.500901894554616017e-07
2.549719480853541217e-03 6.458614892973572365e-03 9.909909881235665630e-01 7.095932054036820601e-36 6.675026064569481148e-07
4.080722760957342068e-13 1.234462953135762389e-02 9.876543186425910115e-01 1.138454283972140082e-34 1.041825643335421318e-06
2.847386023993828261e-13 9.433956065241271005e-03 9.905660339344740661e-01 3.486545065145594283e-34 9.180015382511913250e-26
7.963508173091221584e-13 1.098900204453609475e-02 9.890109879546674643e-01 1.517070751510904131e-33 3.793893409381612951e-25
