1.136889832243025422e-01 2.829116413616303838e-01 2.264709369879409351e-01 1.325257575117384512e-01 2.444026709143875820e-01
7.788445122012925548e-02 2.180713657104777492e-01 1.869187180459558617e-01 3.129453381304668769e-01 2.041801168929702481e-01
5.535100350801460539e-02 2.398596049973940880e-01 1.845022937341825320e-01 1.512514120700015063e-01 3.690356756904071833e-01
6.644547107975820599e-02 2.325685418560306250e-01 1.993358352037744863e-01 1.029628644943844790e-01 3.986872773660521396e-01
7.788194570896767033e-02 3.115463960526582143e-01 2.336451840315771078e-01 6.539149732234172951e-02 3.115349668844553110e-01
7.788194519633397095e-02 2.336680059709909385e-01 2.180688596866824647e-01 3.423400475677936677e-02 4.361471743892131880e-01
7.751958104984590925e-02 1.162833101570039107e-01 1.259691929693895207e-01 3.031718685053593626e-02 6.499107189732247214e-01
6.313157720310888510e-02 1.515154147053408284e-01 1.893942022062972685e-01 6.313157720310888510e-02 5.328272186821442213e-01
1.011563162263072607e-01 3.034771284147445014e-01 2.023123845818320110e-01 2.890198168664672232e-02 3.641521790904694855e-01
9.803953827084453676e-02 2.124186220981118256e-01 1.470591456253876605e-01 3.268006179812035783e-02 5.098026222075356939e-01
