4.754833170127896469e-02 8.022659539715182309e-01 5.508904084906646875e-02 4.754833170127888836e-02 4.754833177685732076e-02
1.943380226608646682e-17 9.890116065565053294e-01 1.098838340083783775e-02 7.493235762252121228e-35 4.265689280691530828e-11
3.985604864153466859e-17 9.909915452247779477e-01 9.008444723005978871e-03 4.784380571196342428e-34 5.221605151048898004e-11
8.538703927198107290e-17 9.890119375226391618e-01 1.098805237177085010e-02 2.449300392979726439e-38 1.055898275497779986e-10
2.377122539900937457e-17 9.890115613408883011e-01 1.098842860266911053e-02 5.087173343765911241e-40 5.644259631530669019e-11
1.945582144136909407e-07 9.868429348464087258e-01 1.315686053793219991e-02 6.388778280782038732e-39 5.744467194754553676e-11
1.689003332191531791e-07 9.909914090065258252e-01 9.008412048923856649e-03 4.700537833385806566e-40 4.421718291044730656e-11
2.494939276096898839e-17 9.913800552627252127e-01 8.619934673578060619e-03 6.960468704951935912e-39 6.369684658000794206e-11
1.796344689608723067e-17 9.917361225194027963e-01 8.263867480597320014e-03 2.199574156815964922e-38 5.791442306713174267e-30
1.290472859510723195e-16 9.803939280000165679e-01 1.960606199998329510e-02 2.458387168355747816e-37 6.147939287896921477e-29
