9.226369132838041498e-02 1.374279027093590344e-01 4.721864672972769794e-02 3.175842477475046555e-01 4.055055014850281747e-01
7.215007005688719373e-06 7.215007005688719373e-06 7.215007005688719373e-06 7.972655043231989813e-01 2.027128406557839879e-01
1.100001067221045962e-06 1.760001707553673540e-05 1.100001067221045962e-06 3.692714655238794608e-01 6.307087244569106188e-01
7.189615105132233495e-07 2.588261437847603889e-05 7.189615105132233495e-07 2.561307621019951464e-01 7.438419073606054033e-01
9.036362052524284792e-07 2.155723610512373933e-01 9.036362052524284792e-07 1.809540572554079463e-01 6.034717644209441900e-01
8.306130507498405195e-07 3.974151281546692976e-02 8.306130507498405195e-07 8.721520259885706672e-02 8.730416133595744199e-01
3.196961512193803666e-07 3.068155993913495444e-02 3.196961512193803666e-07 4.798671292961115276e-02 9.213310777389513984e-01
4.852861102087876366e-07 4.629678112158688852e-02 4.852861102087876366e-07 1.157412248748018874e-01 8.379610134313908443e-01
5.679688129227481122e-07 2.318085240449332951e-01 5.679688129227481122e-07 6.622573287386096519e-02 7.019645971435799492e-01
7.021978584157937434e-07 7.021978584157937434e-07 7.021978584157937434e-07 7.092268730927131504e-02 9.290751960971533885e-01
