4.764222106279665525e-02 4.997736019835797433e-02 4.764221822106146781e-02 4.857629092870427434e-02 8.061618995890796890e-01
1.132222804455057895e-11 2.415167213881775753e-03 1.132222804455057895e-11 4.831523250408645102e-03 9.927532995130652349e-01
1.810985001107718920e-12 2.897576001772350271e-11 1.810985001107718920e-12 2.028731219294236613e-03 9.979712587481081032e-01
9.349674323274244926e-13 2.073398292427706350e-03 9.349674323274244926e-13 3.330830892624876198e-07 9.979262586226131937e-01
1.328829928883493686e-13 5.768133299624539916e-07 1.328829928883493686e-13 2.660995272613189405e-08 9.999993865764515988e-01
1.767746052120565103e-12 8.069248792393136568e-03 1.767746052120565103e-12 1.856151067453649579e-07 9.919305555889647019e-01
6.509692418565304348e-14 4.092412054587539266e-04 6.509692418565304348e-14 9.771113607664308233e-09 9.995907390232975365e-01
6.047518298240637393e-09 4.259569262445009785e-04 6.047518298240637393e-09 8.494651686009993012e-08 9.995739360322021261e-01
5.147095807446199611e-15 2.100715136280293299e-09 5.147095807446199611e-15 7.633925720053802685e-07 9.999992245067025332e-01
9.858537822543800171e-15 9.858537822543800171e-15 9.858537822543800171e-15 1.003678058402494434e-06 9.999989863219120867e-01
