5.989046629898533980e-02 1.769268833399640084e-01 2.060892952549033819e-01 2.061511783558987732e-01 3.509421667502484743e-01
4.759638129278666069e-06 7.853879027051327566e-02 1.308948106921025700e-01 5.259447829424600540e-01 2.646168464567948964e-01
7.583858289324220842e-07 9.317983511072676361e-02 9.316845932329277657e-02 2.545908861615144292e-01 5.590600510186372052e-01
4.554677631909165409e-07 1.047284376826535107e-01 1.570685167325311382e-01 1.622608492848309214e-01 5.759417308322212214e-01
5.488052345849916302e-07 2.094575588056669657e-01 2.094246304915918788e-01 1.098987991671034892e-01 4.712184527304030257e-01
5.339655326097622913e-07 7.656852303631174472e-02 2.040821645881898128e-01 5.606691595481892026e-02 6.632818524551469253e-01
2.665497322173569080e-07 5.115649217484078554e-02 7.672660849542854711e-02 4.000938213548201061e-02 8.321072406445164660e-01
3.867963092402702135e-07 7.380112406840520778e-02 1.107014927044532027e-01 9.225130838642919828e-02 7.232456780444032063e-01
4.163266541253327738e-07 2.184615875274342756e-01 1.213596384199239903e-01 4.854410516396207714e-02 6.116342425620255874e-01
5.051525409931452267e-07 1.020413204638696003e-01 5.102091280820528901e-02 5.102091280820528901e-02 7.959163387671788215e-01
