4.346097218553016811e-02 2.657465213570258111e-01 6.038703280634496462e-01 4.346097218679255414e-02 4.346119620720173549e-02
1.754339418156938490e-20 2.856458646343705277e-01 7.143537132117263599e-01 7.486275364338040187e-12 4.121464169607728130e-07
7.049183301821283214e-21 8.025181407714195858e-01 1.974811446936578785e-01 7.896751340394913046e-12 7.045270258341606712e-07
9.850072031220183648e-22 5.587627556861914924e-01 4.412370014879987146e-01 3.509098079972352019e-16 2.328258094486643443e-07
1.626786462340712228e-22 3.616282469309300418e-01 6.383714847576524853e-01 3.257656222024562265e-17 2.583114175072707672e-07
2.441797771179734046e-21 5.111494417629910969e-02 9.488847750989217733e-01 2.563912126430300368e-16 2.707247789498728578e-07
1.310911711804444026e-22 4.044311542817076444e-02 9.595564093884542123e-01 1.967691626892865021e-17 4.651833749597628655e-07
1.842056623903593230e-17 1.065151763161112375e-02 9.893479819683319576e-01 2.587446392765903344e-16 4.904000566658948343e-07
1.352193101029972159e-23 4.718363466523774891e-02 9.528158272878334278e-01 2.005507975487574506e-15 5.280469267061503376e-07
2.559105024932338253e-23 8.071952152726699081e-01 1.928041231749674789e-01 2.605373747006026037e-15 6.515523602243141426e-07
